0    3888
1    28869
2    173257860
3    341595
4    5528369
5    63228786592
6    32
7    1126800
8    44004468
9    1024
10   84034666121
11   32
12   243
13   690388
14   2284105050
15   17538
16   519212864
17   162
18   6480
19   243
20   32
21   7776
22   6904
23   52659
24   25540
25   243
26   6175674437
27   1024
28   243
29   102487
30   888723290
31   1024
32   243
33   1296
34   2500
35   19550
36   12566160
37   60168
38   1
39   81
40   61109
41   3125
42   2811072
43   32
44   973956
45   5184
46   491336
47   243
48   880
49   32
50   1024
51   5732713498
52   32196
53   7776
54   486587832
55   1875
56   5662727
57   3986301966
58   125951
59   787776
60   162
61   1
62   60000
63   1
64   32
65   462298
66   768
67   768
68   32
69   1
70   1
71   419904
72   16
73   17300
74   688176
75   1
76   5184
77   12965427
78   135972
79   102487
80   1
81   1
82   2917215
83   124416
84   463175488
85   3981312
86   437833780
87   50000
88   45927
89   9000
90   243
91   15909534
92   1
93   1
94   6480
95   1
96   32
97   97100
98   187948
99   1
168524790878