0    512
1    72762
2    1
3    303750
4    32
5    32
6    6480
7    1629855
8    8192
9    32
10   245124
11   243
12   9344497
13   60000
14   1
15   243
16   16
17   39315
18   226880
19   162
20   8096
21   243
22   439506
23   16384
24   81
25   2244
26   1
27   16384
28   32
29   2850085952
30   768
31   44605
32   47659664
33   243
34   32
35   8499
36   30045015
37   1
38   10638
39   1024
40   2118
41   263568
42   1
43   72225
44   54854
45   5184
46   371293
47   165888
48   1024
49   512
50   1296
51   3125
52   1286000
53   232
54   111174
55   162
56   1024
57   1
58   32768
59   2592
60   1
61   307328
62   1875
63   345744
64   1734
65   26994460
66   59049
67   7203
68   165888
69   8192
70   6988992
71   81
72   162
73   3125
74   478
75   162
76   45927
77   198557
78   1875
79   243
80   243
81   32
82   6843948
83   136949
84   5728387
85   84194
86   512
87   81
88   768
89   1259712
90   1024
91   696985
92   288789843605
93   512
94   1
95   146414
96   50000
97   32
98   32
99   7776
291782584865