0    12005
1    7776
2    1064853
3    243
4    3579936
5    23182250
6    1
7    768
8    124278289645
9    16137859
10   32
11   26244
12   512
13   720055
14   3888
15   11844660
16   78642
17   3279584
18   81
19   32
20   1250
21   1
22   66667
23   39366
24   7203
25   2754990144
26   5184
27   266649
28   4339
29   162
30   32
31   32
32   162
33   160758
34   7776
35   1438932
36   2528256
37   24576
38   7203
39   91227
40   1288450
41   125970
42   93031793
43   248832
44   1486854
45   230496
46   1
47   32
48   679159
49   32
50   15665
51   1024
52   16
53   512
54   243
55   16384
56   32
57   32
58   4626
59   32
60   1
61   45927
62   2592
63   162
64   32768
65   802960
66   2626189968
67   1
68   354375
69   1024
70   243
71   32
72   1142304
73   16
74   349209
75   3994392
76   162
77   137546337483
78   162
79   337232
80   81
81   129367
82   18928
83   243
84   5741
85   768
86   297980
87   191814
