0    3068101
1    5184
2    21295024844
3    120473
4    243
5    81
6    243
7    3888
8    39366
9    698049
10   162
11   609656
12   32
13   3247943160
14   1065
15   32
16   81
17   16
18   1
19   81
20   32247
21   32
22   768
23   1
24   128272
25   1
26   4800845
27   243
28   2171
29   1
30   256
31   607500
32   801369
33   559702
34   1024
35   4666
36   32
37   9607562
38   162
39   162
40   42705749
41   11213612
42   243
43   243
44   71269
45   12005
46   162
47   117248
48   2500
49   39366
50   1826816
51   1024
52   3888
53   162
54   40000
55   70170
56   9208848
57   32
58   1
59   16807
60   162
61   130745588
62   30045015
63   1216612592
64   16
65   8262
66   2798410
67   4347
68   33382
69   32
70   1
71   2323260
72   16384
73   7776
74   32
75   967986
76   32
77   32
78   768
79   1
80   162
81   5184
82   23790182916
83   1987
84   14116
85   5521076
86   1683
87   81673
88   3770
89   512
90   1024
91   512
92   7776
93   4870
94   124416
95   1875
96   1
97   89384
98   1
99   243
49808999178