0    768
1    16
2    32
3    768
4    22205760
5    285610
6    1
7    81
8    262144
9    18646302
10   1
11   29364
12   81
13   781926
14   1024
15   1024
16   1949776
17   3125
18   165888
19   188726
20   606600
21   41611844
22   16228037
23   49146
24   121572
25   1990656
26   32
27   29833
28   1
29   1
30   1538
31   1024
32   243
33   111398255
34   7315931918
35   207728
36   243
37   141324
38   4919254
39   93954278
40   153664
41   303330
42   76446
43   1920000
44   1
45   162
46   1
47   243
48   3125
49   256
50   3888
51   1024
52   12947
53   72523650
54   32
55   488000
56   1
57   11124168
58   8942
59   243
60   1259712
61   32
62   1
63   30000
64   1053696
65   32
66   11139
67   40225345056  
68   9187
69   40000
70   1
71   124416
72   8404
73   1987