0    260022
1    243
2    45036
3    2592
4    1734954669
5    252
6    6107302
7    81
8    32
9    162
10   512
11   1917733
12   1963
13   1
14   14406
15   1024
16   162
17   26244
18   248072
19   73205
20   5412
21   191818
22   81
23   730
24   835010
25   236717956
26   1874048
27   41056
28   81
29   1
30   162
31   162
32   80387220
33   1
34   16
35   162
36   5184
37   3363
38   114129303
39   25652794
40   2500
41   162
42   45530
43   124988
44   512
45   1
46   5772872
47   1334184
48   1
49   1
50   917724
51   34514974
52   243
53   9604
54   9604
55   20268333
56   60352
57   617589
58   1024
59   3179
60   1
61   9036
62   95784
63   81
64   15992281
65   1
66   7776
67   7776
68   512
69   3125
70   512
71   203169
72   5008720
73   418
74   97609824
75   13837413
76   162
77   1
78   34
79   1920000
80   1024
81   4012376
82   81
83   162
84   1024
85   60000
86   1
87   60000
88   8752
89   12288
90   243
91   3175304
92   60000
93   32805
94   16
95   185622322
96   295318848
97   32
98   147866818
99   1024
3038111396