0    32
1    512
2    1
3    243
4    26892
5    2500
6    34798024552
7    5308416
8    16698
9    243
10   2500
11   2099232
12   5184
13   162
14   162
15   3888
16   16384
17   243
18   162
19   16
20   750834
21   28587
22   1024
23   2500
24   1024
25   32
26   243
27   162
28   16
29   243
30   243
31   32
32   1782
33   625
34   1024
35   49820
36   32
37   136407911
38   60000
39   16
40   751883
41   470004
42   768
43   1875
44   12288
45   3125
46   165888
47   14406
48   1024
49   162
50   451278
51   272
52   243
53   55807
54   93330
55   116984356
56   396928
57   187328
58   100000
59   1212
60   24400
61   32
62   243
63   32
64   266966
65   142928
66   7776
67   32
68   6480
69   485574
70   1
71   32
72   1
73   32805
74   352234716
75   1
76   243
77   60000
78   162
79   113367657
80   210780
81   360194
82   2985984
83   60000
84   1024
85   999956
86   2089
87   86801
88   608177
89   418650873
90   32
91   512
92   2612915
93   32
94   1024
95   16
96   512
97   1
98   19107541
99   162
35974825055