0    162
1    81
2    1
3    512
4    243
5    6016
6    1
7    39366
8    32
9    232
10   1
11   1875
12   235487
13   162
14   2500
15   62208
16   32
17   512
18   1024
19   131784
20   1715073766
21   1
22   3888
23   32
24   32
25   140431
26   528
27   16
28   1875
29   239016480374
30   162
31   512
32   5184
33   1
34   1303210
35   13400806
36   1
37   162
38   7776
39   243
40   512
41   68
42   16290
43   4015997370
44   2592
45   243
46   16
47   2760629
48   1
49   3315136
50   1
51   362
52   768
53   1250
54   3101675
