0    748
1    6343581
2    2500
3    32
4    382768
5    7780064
6    512
7    6262
8    243
9    3179950681
10   17562219
11   1
12   39326055267
13   1024
14   5184
15   768
16   695928
17   24576
18   32
19   4802
20   629856
21   264357428
22   512
23   32
24   6891
25   7776
26   32
27   6096000
28   44921772
29   56320000
30   232
31   754895505
32   236859737
33   2985168
34   573894
35   678973
36   162
37   7776
38   81
39   3888
40   243
41   803
42   75558
43   32
44   768
45   11052
46   66460
47   768
48   256
49   18837900
50   949
51   455625
52   16 
53   357025676
54   45927
55   32 
56   60000
57   512
58   512
59   2592
60   32 
61   16 
62   611159
63   1  
64   32768
65   23882384
66   1  
67   537824
68   19683
69   1044155373
70   26523
71   2848
72   1  
73   12108584
74   155937
75   1  
76   1250
77   81 
78   243
79   1250
80   81 
81   1  
82   2579082
83   32 
84   3581415
85   94791932
86   1231872
87   1441305
88   16807
89   1  
90   7311616
91   723
92   16 
93   3125
94   243
95   11226657
96   7776
97   23685210
98   7544212970
99   10506128
53065881539